10,205
10,275
10,67
10,307
10,257
10,123
11,21
8,13
26,3
26,1
21,3
21,2
21,1
21,0
12,3
12,2
12,1
11,29
11,28
11,25
11,24
11,23
11,20
11,17
11,15
11,14
11,13
11,12
11,11
11,9
11,7
11,5
11,4
20,2
11,3
20,1
11,2
20,3
11,1
10,311
10,310
10,305
10,297
10,290
10,281
10,272
10,259
10,254
10,251
10,246
10,232
10,219
10,215
19,2
19,1
10,201
19,3
10,199
10,193
10,163
10,157
10,141
10,34
10,19
10,7
10,4
10,3
10,2
10,1
9,7
9,6
9,5
9,4
9,3
9,2
9,1
8,18
8,17
8,16
8,15
8,12
8,11
8,10
8,9
8,7
8,6
8,5
8,4
8,3
8,2
8,1
18,1
7,13
18,3
7,12
7,11
7,10
7,9
7,8
7,7
14,1
7,6
14,3
7,5
13,1
7,4
13,3
7,1
6,7
6,6
6,5
6,4
6,1
4,88
